before_learn_time =

  126.4724

before_enc_time =

    9.9371

before_ANN_time =

   1.4612e+03

0.185883385487747
0.268169035442026
0.320730115842535
0.362962554509404
0.431029808430175
0.456155829117327
0.477403583260960
0.495719661984257
0.511692238412300
0.526049636297634


Learning the dataset


after_learn_time =

  108.4217

encoding the database

after_enc_time =

    6.9306

Searching the nearest neibogher

after_ANN_time =

   7.3131e+03

0.200
0.287
0.342
0.381
0.411
0.436
0.456
0.474
0.489
0.502